30
1
0 12830 1242 1750 3382 2005 1868 10506 14142 5153 8226 14488 10568 4413 1928 6658 2773 7162 3494 897 6458 9288 13221 1802 13893 7753 8806 5194 4682 11578
12830 0 12822 12144 9680 11337 11872 3036 3222 8603 6436 3568 3746 8949 13508 6440 11065 6278 10872 12377 8044 4130 2301 13382 2973 5389 5134 9554 8258 2474
1242 12822 0 1742 3374 1997 1860 10498 14134 5145 8218 14480 10560 4405 1024 6650 2765 7154 3486 889 6450 9280 13213 898 13885 7745 8798 5186 4674 11570
1750 12144 1742 0 2696 1319 1182 9820 13456 4467 7540 13802 9882 3727 2428 5972 2087 6476 2808 1297 5772 8602 12535 2302 13207 7067 8120 4508 3996 10892
3382 9680 3374 2696 0 1889 2424 7356 10992 2003 5076 11338 7418 1263 4060 3508 1617 4012 1424 2929 3308 6138 10071 3934 10743 4603 5656 2044 1532 8428
2005 11337 1997 1319 1889 0 1047 9013 12649 3660 6733 12995 9075 2920 2683 5165 1280 5669 2001 1552 4965 7795 11728 2557 12400 6260 7313 3701 3189 10085
1868 11872 1860 1182 2424 1047 0 9548 13184 4195 7268 13530 9610 3455 2546 5700 1815 6204 2536 1415 5500 8330 12263 2420 12935 6795 7848 4236 3724 10620
10506 3036 10498 9820 7356 9013 9548 0 4348 6279 4112 4694 1422 6625 11184 4116 8741 3954 8548 10053 5720 1806 3427 11058 4099 3065 2810 7230 5934 1784
14142 3222 14134 13456 10992 12649 13184 4348 0 9915 7748 1112 5058 10261 14820 7752 12377 7590 12184 13689 9356 5442 1983 14694 1071 6701 6446 10866 9570 3786
5153 8603 5145 4467 2003 3660 4195 6279 9915 0 3999 10261 6341 1272 5831 2431 3388 2935 3195 4700 2231 5061 8994 5705 9666 3526 4579 1877 581 7351
8226 6436 8218 7540 5076 6733 7268 4112 7748 3999 0 8094 4174 4345 8904 1836 6461 1674 6268 7773 3440 2894 6827 8778 7499 1359 2412 4950 3654 5184
14488 3568 14480 13802 11338 12995 13530 4694 1112 10261 8094 0 5404 10607 15166 8098 12723 7936 12530 14035 9702 5788 2329 15040 1417 7047 6792 11212 9916 4132
10568 3746 10560 9882 7418 9075 9610 1422 5058 6341 4174 5404 0 6687 11246 4178 8803 4016 8610 10115 5782 1868 4137 11120 4809 3127 2872 7292 5996 2494
4413 8949 4405 3727 1263 2920 3455 6625 10261 1272 4345 10607 6687 0 5091 2777 2648 3281 2455 3960 2577 5407 9340 4965 10012 3872 4925 1313 801 7697
1928 13508 1024 2428 4060 2683 2546 11184 14820 5831 8904 15166 11246 5091 0 7336 3451 7840 4172 1575 7136 9966 13899 1424 14571 8431 9484 5872 5360 12256
6658 6440 6650 5972 3508 5165 5700 4116 7752 2431 1836 8098 4178 2777 7336 0 4893 772 4700 6205 1872 2898 6831 7210 7503 1363 2416 3382 2086 5188
2773 11065 2765 2087 1617 1280 1815 8741 12377 3388 6461 12723 8803 2648 3451 4893 0 5397 1729 2320 4693 7523 11456 3325 12128 5988 7041 3429 2917 9813
7162 6278 7154 6476 4012 5669 6204 3954 7590 2935 1674 7936 4016 3281 7840 772 5397 0 5204 6709 2376 2736 6669 7714 7341 1201 2254 3886 2590 5026
3494 10872 3486 2808 1424 2001 2536 8548 12184 3195 6268 12530 8610 2455 4172 4700 1729 5204 0 3041 4500 7330 11263 4046 11935 5795 6848 3236 2724 9620
897 12377 889 1297 2929 1552 1415 10053 13689 4700 7773 14035 10115 3960 1575 6205 2320 6709 3041 0 6005 8835 12768 1449 13440 7300 8353 4741 4229 11125
6458 8044 6450 5772 3308 4965 5500 5720 9356 2231 3440 9702 5782 2577 7136 1872 4693 2376 4500 6005 0 4502 8435 7010 9107 2967 4020 3182 1886 6792
9288 4130 9280 8602 6138 7795 8330 1806 5442 5061 2894 5788 1868 5407 9966 2898 7523 2736 7330 8835 4502 0 4521 9840 5193 1847 1592 6012 4716 2878
13221 2301 13213 12535 10071 11728 12263 3427 1983 8994 6827 2329 4137 9340 13899 6831 11456 6669 11263 12768 8435 4521 0 13773 1734 5780 5525 9945 8649 2865
1802 13382 898 2302 3934 2557 2420 11058 14694 5705 8778 15040 11120 4965 1424 7210 3325 7714 4046 1449 7010 9840 13773 0 14445 8305 9358 5746 5234 12130
13893 2973 13885 13207 10743 12400 12935 4099 1071 9666 7499 1417 4809 10012 14571 7503 12128 7341 11935 13440 9107 5193 1734 14445 0 6452 6197 10617 9321 3537
7753 5389 7745 7067 4603 6260 6795 3065 6701 3526 1359 7047 3127 3872 8431 1363 5988 1201 5795 7300 2967 1847 5780 8305 6452 0 1365 4477 3181 4137
8806 5134 8798 8120 5656 7313 7848 2810 6446 4579 2412 6792 2872 4925 9484 2416 7041 2254 6848 8353 4020 1592 5525 9358 6197 1365 0 5530 4234 3882
5194 9554 5186 4508 2044 3701 4236 7230 10866 1877 4950 11212 7292 1313 5872 3382 3429 3886 3236 4741 3182 6012 9945 5746 10617 4477 5530 0 1406 8302
4682 8258 4674 3996 1532 3189 3724 5934 9570 581 3654 9916 5996 801 5360 2086 2917 2590 2724 4229 1886 4716 8649 5234 9321 3181 4234 1406 0 7006
11578 2474 11570 10892 8428 10085 10620 1784 3786 7351 5184 4132 2494 7697 12256 5188 9813 5026 9620 11125 6792 2878 2865 12130 3537 4137 3882 8302 7006 0
