23
16
0 5297 5469 5226 377 1498 3321 4160 5993 1627 3261 825 3386 1690 4820 6010 4748 1236 4685 2968 2823 3659 1673
5297 0 1290 10385 5022 6657 8480 9319 1814 4752 3824 5984 2617 4191 9979 1831 2421 5763 9844 8127 7982 8818 6832
5469 1290 0 10557 5194 6829 8652 9491 1256 4924 3996 6156 2789 4363 10151 1273 2593 5935 10016 8299 8154 8990 7004
5226 10385 10557 0 5465 3950 2421 2884 11081 6715 8349 4787 8474 6778 2006 11098 9836 6324 1227 3140 3503 2937 5359
377 5022 5194 5465 0 1737 3560 4399 5718 1352 2986 1064 3111 1415 5059 5735 4473 961 4924 3207 3062 3898 1912
1498 6657 6829 3950 1737 0 2045 2884 7353 2987 4621 1059 4746 3050 3544 7370 6108 2596 3409 1692 1547 2383 1631
3321 8480 8652 2421 3560 2045 0 1355 9176 4810 6444 2882 6569 4873 2015 9193 7931 4419 1880 1235 1598 1032 3454
4160 9319 9491 2884 4399 2884 1355 0 10015 5649 7283 3721 7408 5712 2478 10032 8770 5258 2343 2074 2437 1871 4293
5993 1814 1256 11081 5718 7353 9176 10015 0 5448 4520 6680 3313 4887 10675 1525 3117 6459 10540 8823 8678 9514 7528
1627 4752 4924 6715 1352 2987 4810 5649 5448 0 2716 2314 2841 1145 6309 5465 4203 2093 6174 4457 4312 5148 3162
3261 3824 3996 8349 2986 4621 6444 7283 4520 2716 0 3948 1913 2155 7943 4537 3275 3727 7808 6091 5946 6782 4796
825 5984 6156 4787 1064 1059 2882 3721 6680 2314 3948 0 4073 2377 4381 6697 5435 1923 4246 2529 2384 3220 1234
3386 2617 2789 8474 3111 4746 6569 7408 3313 2841 1913 4073 0 2280 8068 3330 2068 3852 7933 6216 6071 6907 4921
1690 4191 4363 6778 1415 3050 4873 5712 4887 1145 2155 2377 2280 0 6372 4904 3642 2156 6237 4520 4375 5211 3225
4820 9979 10151 2006 5059 3544 2015 2478 10675 6309 7943 4381 8068 6372 0 10692 9430 5918 1465 2734 3097 2531 4953
6010 1831 1273 11098 5735 7370 9193 10032 1525 5465 4537 6697 3330 4904 10692 0 3134 6476 10557 8840 8695 9531 7545
4748 2421 2593 9836 4473 6108 7931 8770 3117 4203 3275 5435 2068 3642 9430 3134 0 5214 9295 7578 7433 8269 6283
1236 5763 5935 6324 961 2596 4419 5258 6459 2093 3727 1923 3852 2156 5918 6476 5214 0 5783 4066 3921 4757 2771
4685 9844 10016 1227 4924 3409 1880 2343 10540 6174 7808 4246 7933 6237 1465 10557 9295 5783 0 2599 2962 2396 4818
2968 8127 8299 3140 3207 1692 1235 2074 8823 4457 6091 2529 6216 4520 2734 8840 7578 4066 2599 0 1245 1573 3101
2823 7982 8154 3503 3062 1547 1598 2437 8678 4312 5946 2384 6071 4375 3097 8695 7433 3921 2962 1245 0 1936 2956
3659 8818 8990 2937 3898 2383 1032 1871 9514 5148 6782 3220 6907 5211 2531 9531 8269 4757 2396 1573 1936 0 3792
1673 6832 7004 5359 1912 1631 3454 4293 7528 3162 4796 1234 4921 3225 4953 7545 6283 2771 4818 3101 2956 3792 0
